m:p:n = 3:4:5
native gsvd(proposed)
[0.006807869699999999, 0.0263375368, 0.0555760083, 0.0996701166, 0.1588838183, 0.2391931253, 0.36306046960000005, 0.48922922399999996, 0.6904425154, 0.8485362234, 1.0659722256, 1.3145768868, 1.6020259292999999, 1.9709404550000003, 2.3524932091]
--------------------------------------------------------
gsvd in Julia 1.3
[0.0102800929, 0.11748761429999999, 0.34069488540000004, 0.8700839233, 1.5591423801, 2.9486970625, 4.893399587199999, 9.8104216254, 12.8872579237, 20.8203666419, 28.819981165199998, 47.590271627599996, 63.94552929639999, 85.8214092464, 111.9559257398]
--------------------------------------------------------

m:p:n = 3:5:4
native gsvd(proposed)
[0.007263046100000001, 0.024837002, 0.050376146899999995, 0.0905133447, 0.1477139893, 0.21731910159999995, 0.3100044918, 0.41980740829999996, 0.5682234727000001, 0.7337980482, 0.9241901096999999, 1.130528442, 1.3927436227, 1.6756691185999997, 2.0096974295]
--------------------------------------------------------
gsvd in Julia 1.3
[0.012615437900000002, 0.11246200850000002, 0.3545591449, 0.9320465282000001, 1.7739711055, 3.0958242199, 6.358619904799999, 12.792926217000002, 18.7274634399, 29.385048451200003, 45.477211241, 63.99346953089999, 84.2443212521, 109.8714590389, 139.1824179873]

m:n:p = 5:3:4
native gsvd(proposed)
[0.0047387288, 0.0181424032, 0.0403325592, 0.069943864, 0.10434309729999999, 0.1534040061, 0.2134137163, 0.2692289836, 0.3480614959, 0.4292653209, 0.5403001067, 0.6546741425, 0.7990228413, 0.9292540236000001, 1.0977055834]
--------------------------------------------------------
gsvd in Julia 1.3
[0.0075884132000000005, 0.0714427653, 0.22326971909999999, 0.5308788069, 0.9730258286, 1.6855703006000002, 2.8134413976, 5.5389301904999995, 6.8410396605, 13.0940212704, 19.710006141899996, 29.0646585163, 38.2407196182, 50.475583207300005, 65.16962556899999]

m:n:p = 5:4:3
native gsvd(proposed)
[0.0038546457, 0.015580334399999998, 0.033527562100000005, 0.056391728299999985, 0.0828545186, 0.11761421030000001, 0.16300540500000002, 0.2299442297, 0.2799325448, 0.35911942880000003, 0.4376438354, 0.5518687024, 0.6477283698, 0.7657044932, 0.8930065602999999]
--------------------------------------------------------
gsvd in Julia 1.3
[0.007409090800000001, 0.0604392124, 0.21106719869999999, 0.5024410707, 0.9415243749, 1.6501914476, 2.5750205496, 5.115056066900001, 7.446598018, 14.0151280765, 20.352254021100002, 29.1183005305, 39.524508392, 49.8611753965, 65.3728668476]
